NodeID	CommunityID
1	1
2	1
3	2
4	2
5	2
6	3
7	2
8	4
9	4
10	4
11	5
12	4
13	4
14	6
15	7
16	8
17	9
18	1
19	1
20	4
21	5
22	5
23	5
24	10
25	10
26	10
27	10
28	10
29	10
30	10
31	10
32	10
33	10
34	10
35	10
36	10
37	10
38	10
39	10
40	10
41	10
42	11
43	9
44	4
45	4
46	8
47	8
48	12
49	12
50	13
51	13
52	11
53	14
54	14
55	2
56	2
57	2
58	2
59	2
60	2
61	14
62	14
63	15
64	2
65	3
66	7
67	16
68	16
69	17
70	17
71	13
72	13
73	5
74	1
75	1
76	10
77	12
78	18
79	18
80	18
81	17
82	17
83	19
84	13
85	13
86	1
87	20
88	21
89	22
90	22
91	16
92	16
93	5
94	7
95	11
96	11
97	22
98	23
99	23
100	23
101	23
102	23
103	2
104	14
105	14
106	24
107	17
108	25
109	16
110	26
111	16
112	16
113	16
114	12
115	12
116	10
117	10
118	27
119	28
120	10
121	1
122	29
123	30
124	10
125	23
126	23
127	2
128	5
129	11
130	7
131	30
132	2
133	2
134	18
135	18
136	10
137	10
138	2
139	2
140	8
141	8
142	4
143	31
144	16
145	13
146	21
147	1
148	21
149	30
150	30
151	14
152	10
153	13
154	13
155	21
156	21
157	30
158	14
159	32
160	32
161	33
162	4
163	13
164	21
165	8
166	10
167	34
168	11
169	7
170	10
171	10
172	12
173	7
174	5
175	2
176	2
177	7
178	1
179	30
180	14
181	30
182	14
183	14
184	35
185	17
186	23
187	13
188	17
189	17
190	17
191	17
192	30
193	2
194	2
195	2
196	2
197	11
198	11
199	11
200	11
201	11
202	11
203	11
204	11
205	11
206	11
207	11
208	11
209	2
210	32
211	32
212	27
213	13
214	4
215	30
216	1
217	8
218	13
219	1
220	1
221	1
222	1
223	1
224	1
225	1
226	1
227	1
228	1
229	1
230	10
231	5
232	30
233	7
234	32
235	32
236	32
237	32
238	32
239	32
240	32
241	32
242	32
243	32
244	32
245	32
246	12
247	4
248	4
249	1
250	36
251	14
252	10
253	2
254	26
255	13
256	9
257	37
258	7
259	16
260	5
261	5
262	10
263	30
264	12
265	4
266	4
267	4
268	4
269	1
270	8
271	7
272	2
273	8
274	8
275	8
276	7
277	7
278	30
279	30
280	19
281	7
282	2
283	26
284	26
285	30
286	2
287	2
288	17
289	13
290	7
291	20
292	7
293	7
294	4
295	7
296	14
297	14
298	1
299	17
300	17
301	9
302	28
303	22
304	22
305	22
306	2
307	5
308	1
309	29
310	1
311	1
312	1
313	1
314	1
315	1
316	1
317	1
318	1
319	12
320	32
321	14
322	14
323	8
324	23
325	4
326	5
327	5
328	5
329	16
330	16
331	1
332	1
333	4
334	12
335	8
336	8
337	10
338	10
339	10
340	10
341	18
342	1
343	30
344	30
345	30
346	30
347	30
348	30
349	30
350	30
351	30
352	30
353	30
354	23
355	23
356	9
357	16
358	16
359	4
360	4
361	4
362	12
363	4
364	21
365	13
366	37
367	26
368	10
369	14
370	22
371	12
372	23
373	13
374	26
375	4
376	16
377	14
378	14
379	14
380	14
381	14
382	14
383	14
384	14
385	14
386	14
387	14
388	14
389	14
390	14
391	14
392	14
393	14
394	14
395	14
396	14
397	14
398	14
399	14
400	7
401	5
402	7
403	30
404	7
405	23
406	9
407	4
408	4
409	2
410	10
411	16
412	2
413	2
414	7
415	12
416	20
417	5
418	12
419	17
420	18
421	28
422	4
423	21
424	12
425	24
426	7
427	7
428	10
429	8
430	8
431	4
432	13
433	13
434	13
435	37
436	38
437	10
438	10
439	10
440	10
441	7
442	4
443	12
444	12
445	12
446	18
447	8
448	8
449	8
450	12
451	7
452	4
453	4
454	13
455	16
456	12
457	9
458	7
459	7
460	1
461	37
462	8
463	29
464	29
465	10
466	34
467	4
468	17
469	30
470	16
471	10
472	37
473	9
474	17
475	16
476	9
477	16
478	16
479	16
480	12
481	17
482	2
483	18
484	30
485	20
486	12
487	7
488	4
489	4
490	3
491	37
492	10
493	13
494	7
495	10
496	37
497	4
498	18
499	4
500	4
501	4
502	4
503	4
504	4
505	4
506	4
507	4
508	32
509	17
510	17
511	4
512	28
513	26
514	21
515	16
516	7
517	2
518	2
519	21
520	1
521	2
522	18
523	20
524	20
525	5
526	4
527	7
528	12
529	3
530	4
531	4
532	18
533	2
534	38
535	7
536	18
537	17
538	14
539	5
540	18
541	17
542	28
543	7
544	7
545	7
546	10
547	21
548	12
549	10
550	17
551	17
552	17
553	2
554	18
555	18
556	4
557	18
558	18
559	4
560	26
561	1
562	29
563	7
564	20
565	24
566	4
567	4
568	20
569	7
570	4
571	4
572	2
573	20
574	4
575	7
576	30
577	7
578	26
579	26
580	8
581	39
582	18
583	17
584	18
585	20
586	7
587	2
588	2
589	10
590	24
591	10
592	15
593	8
594	11
595	13
596	14
597	28
598	28
599	18
600	32
601	7
602	26
603	4
604	12
605	2
606	30
607	37
608	37
609	4
610	10
611	22
612	7
613	13
614	22
615	22
616	21
617	38
618	8
619	23
620	22
621	20
622	30
623	32
624	7
625	28
626	2
627	21
628	17
629	14
630	1
631	22
632	32
633	14
634	40
635	2
636	2
637	27
638	32
639	9
640	32
641	23
642	28
643	9
644	13
645	3
646	30
647	27
648	5
649	41
650	4
651	1
652	28
653	16
654	42
655	13
656	10
657	30
658	8
659	43
660	14
661	44
662	4
663	23
664	17
665	7
666	2
667	4
668	17
669	14
670	28
671	45
672	17
673	4
674	37
675	4
676	46
677	8
678	37
679	17
680	17
681	14
682	30
683	30
684	2
685	47
686	2
687	5
688	23
689	7
690	11
691	5
692	48
693	30
694	26
695	7
696	1
697	1
698	30
699	2
700	4
701	4
702	29
703	13
704	49
705	25
706	7
707	20
708	4
709	23
710	23
711	17
712	50
713	9
714	17
715	7
716	5
717	3
718	1
719	2
720	14
721	4
722	10
723	10
724	5
725	33
726	12
727	1
728	13
729	5
730	4
731	3
732	51
733	52
734	5
735	1
736	8
737	12
738	2
739	2
740	37
741	5
742	14
743	34
744	2
745	53
746	1
747	54
748	17
749	24
750	11
751	22
752	11
753	26
754	10
755	4
756	27
757	1
758	10
759	1
760	29
761	8
762	14
763	2
764	3
765	1
766	4
767	18
768	6
769	23
770	26
771	23
772	3
773	55
774	9
775	2
776	1
777	11
778	18
779	5
780	11
781	13
782	14
783	19
784	31
785	2
786	10
787	34
788	5
789	1
790	7
791	7
792	7
793	29
794	22
795	8
796	12
797	9
798	30
799	56
800	8
801	23
802	11
803	37
804	2
805	4
806	4
807	22
808	2
809	57
810	2
811	28
812	18
813	2
814	7
815	30
816	2
817	10
818	7
819	5
820	8
821	11
822	33
823	20
824	4
825	30
826	5
827	2
828	4
829	9
830	20
831	4
832	16
833	2
834	36
835	25
836	7
837	20
838	25
839	23
840	30
841	7
842	14
843	27
844	20
845	5
846	2
847	30
848	12
849	18
850	2
851	21
852	30
853	20
854	19
855	2
856	17
857	4
858	34
859	5
860	2
861	10
862	30
863	18
864	2
865	2
866	2
867	17
868	18
869	3
870	14
871	7
872	30
873	1
874	7
875	7
876	10
877	24
878	17
879	10
880	32
881	2
882	22
883	34
884	10
885	2
886	5
887	2
888	5
889	2
890	9
891	29
892	9
893	9
894	5
895	5
896	12
897	9
898	12
899	5
900	2
901	10
902	2
903	3
904	30
905	14
906	1
907	21
908	30
909	11
910	21
911	7
912	17
913	4
914	4
915	10
916	10
917	12
918	11
919	11
920	12
921	38
922	2
923	4
924	5
925	22
926	12
927	32
928	32
929	27
930	8
931	32
932	32
933	13
934	8
935	18
936	23
937	20
938	23
939	7
940	20
941	11
942	17
943	38
944	14
945	24
946	5
947	28
948	14
949	14
950	2
951	34
952	4
953	17
954	10
955	21
956	11
957	4
958	4
959	17
960	14
961	14
962	14
963	17
964	32
965	10
966	20
967	5
968	4
969	17
970	17
971	11
972	5
973	17
974	5
975	11
976	5
977	12
978	32
979	10
980	1
981	10
982	12
983	2
984	12
985	16
986	14
987	10
988	10
989	10
990	16
991	2
992	2
993	7
994	2
995	2
996	9
997	4
998	10
999	7
1000	21
1001	7
1002	2
1003	1
1004	16
1005	2
